Matrix Size is > 10

443 31 157 229 30 356 998 448 101 604 
220 996 840 634 711 326 401 2 901 648 
474 579 43 62 404 803 151 4 731 213 
58 774 725 121 867 899 633 137 334 959 
788 764 668 708 374 57 108 532 611 561 
167 566 182 920 721 642 320 242 804 419 
374 327 638 256 824 786 114 142 966 188 
244 46 469 743 662 78 991 74 216 831 
865 296 972 531 870 301 831 233 592 231 
452 366 270 964 763 529 898 86 686 114 

Max is > 998 | Max Number's Position's X > 0 | Max Number's Position's Y > 6
Min is > 2 | Min Number's Position's X > 1 | Min Number's Position's Y > 7

30 31 101 157 229 356 443 448 604 998 
2 220 326 401 634 648 711 840 901 996 
4 43 62 151 213 404 474 579 731 803 
58 121 137 334 633 725 774 867 899 959 
57 108 374 532 561 611 668 708 764 788 
167 182 242 320 419 566 642 721 804 920 
114 142 188 256 327 374 638 786 824 966 
46 74 78 216 244 469 662 743 831 991 
231 233 296 301 531 592 831 865 870 972 
86 114 270 366 452 529 686 763 898 964 

Prime product is > 743
